435 14444 10998 3.8
435 14445 10999 3.7
435 14446 11000 3.4
435 14447 11001 3.7
435 14448 11002 3.8
435 14449 11003 3.8
435 14844 11398 4.4
435 14845 11399 5.1
435 14846 11400 5.2
435 14847 11401 5.0
435 14848 11402 4.4
435 14849 11403 5.1
435 15344 11898 3.5
435 15345 11899 3.9
435 15346 11900 3.8
435 15347 11901 3.9
435 15348 11902 3.4
435 15349 11903 3.8
436 14444 11236 3.8
436 14445 11237 3.6
436 14446 11238 3.4
436 14447 11239 3.7
436 14448 11240 3.7
436 14449 11241 3.7
436 14844 11636 4.9
436 14845 11637 4.6
436 14846 11638 4.8
436 14847 11639 5.1
436 14848 11640 4.8
436 14849 11641 4.4
436 15344 12136 3.8
436 15345 12137 4.2
436 15346 12138 4.3
436 15347 12139 4.4
436 15348 12140 3.8
436 15349 12141 4.4
437 14444 12404 3.6
437 14445 12405 3.3
437 14446 12406 3.7
437 14447 12407 3.7
437 14448 12408 3.7
437 14449 12409 3.2
437 14844 12804 4.8
437 14845 12805 5.0
437 14846 12806 4.9
437 14847 12807 4.4
437 14848 12808 4.7
437 14849 12809 4.9
437 15344 13304 3.5
437 15345 13305 3.8
437 15346 13306 4.0
437 15347 13307 3.9
437 15348 13308 3.6
437 15349 13309 3.9
